13 1 0.171919 0.298463 0.00213912 -0.1489 3.53811 -1 -1 -1 
14 1 0.169297 0.30263 -0.0084016 -0.0699429 3.66812 -1 -1 -1 
15 1 0.165465 0.309614 -0.017844 -0.0238704 3.79769 -1 -1 -1 
16 1 0.164297 0.311446 -0.0166561 -0.012921 3.92713 -1 -1 -1 
17 1 0.169064 0.314304 -0.00268921 -0.00379255 4.05731 -1 -1 -1 
18 1 0.173403 0.316746 0.00607676 0.00163435 4.18661 -1 -1 -1 
19 1 0.174621 0.316966 0.00719744 0.00175936 4.3167 -1 -1 -1 
20 1 0.1749 0.317041 0.00664316 0.00162787 4.48598 -1 -1 -1 
25 2 -0.035321 0.308246 -0.0611753 -0.00319755 5.09538 -1 -1 -1 
26 2 -0.0497114 0.310282 -0.0617424 0.00581182 5.22623 -1 -1 -1 
27 2 -0.0602094 0.308741 -0.0621548 -0.000545298 5.35703 -1 -1 -1 
28 2 -0.0406383 0.308195 -0.05678 -0.00177153 5.48917 -1 -1 -1 
29 2 0.00675929 0.307308 -0.0345107 -0.00328395 5.6221 -1 -1 -1 
30 2 0.0468284 0.305619 0.0201343 -0.00587268 5.75442 -1 -1 -1 
31 2 0.0489312 0.304338 0.0202167 -0.00710252 5.88759 -1 -1 -1 
32 2 0.0721269 0.314761 0.0332543 0.010408 6.01984 -1 -1 -1 
33 1 0.0851821 0.315086 -0.0656198 -0.00112715 6.15325 -1 -1 -1 
34 1 0.0577055 0.305245 -0.0986397 -0.0112796 6.28594 -1 -1 -1 
35 1 0.0556386 0.30339 -0.0735132 -0.0122907 6.41991 -1 -1 -1 
36 1 0.0506417 0.302082 -0.0666237 -0.0125699 6.55197 -1 -1 -1 
37 1 0.0519641 0.304976 -0.040352 -0.00722882 6.68505 -1 -1 -1 
38 1 0.0415591 0.30145 -0.0588693 -0.0108532 6.81777 -1 -1 -1 
39 1 0.00306316 0.295477 -0.149682 -0.0171361 6.95204 -1 -1 -1 
40 1 0.0478769 0.297312 0.108466 -0.0127645 7.08422 -1 -1 -1 
41 1 0.0669318 0.301356 0.120042 -0.00616105 7.21667 -1 -1 -1 
42 1 0.0655735 0.300266 0.108874 -0.00671904 7.35409 -1 -1 -1 
43 1 0.079255 0.305182 0.113322 -4.98085e-05 7.48786 -1 -1 -1 
44 1 0.0838873 0.307035 0.109455 0.00216854 7.62109 -1 -1 -1 
45 1 0.0827084 0.307739 0.101526 0.00274491 7.75444 -1 -1 -1 
46 1 0.0901737 0.308658 0.100386 0.00352636 7.8863 -1 -1 -1 
47 1 0.0977405 0.307677 0.0132553 0.000267701 8.62019 -1 -1 -1 
